100
0.02
0.0
0.0
0.06279051952931337
0.02
0.12533323356430426
0.04
0.1873813145857246
0.06
0.2486898871648548
0.08
0.3090169943749474
0.1
0.3681245526846779
0.12
0.4257792915650727
0.14
0.4817536741017153
0.16
0.5358267949789967
0.18
0.5877852522924731
0.2
0.6374239897486896
0.22
0.6845471059286886
0.24
0.7289686274214116
0.26
0.7705132427757893
0.28
0.8090169943749475
0.3
0.8443279255020151
0.32
0.8763066800438637
0.34
0.9048270524660196
0.36
0.9297764858882513
0.38
0.9510565162951535
0.4
0.9685831611286311
0.42
0.9822872507286886
0.44
0.9921147013144779
0.46
0.9980267284282716
0.48
1.0
0.5
0.9980267284282716
0.52
0.9921147013144778
0.54
0.9822872507286886
0.56
0.9685831611286312
0.58
0.9510565162951536
0.6
0.9297764858882513
0.62
0.9048270524660195
0.64
0.8763066800438635
0.66
0.844327925502015
0.68
0.8090169943749475
0.7000000000000001
0.7705132427757893
0.72
0.7289686274214114
0.74
0.6845471059286888
0.76
0.6374239897486899
0.78
0.5877852522924732
0.8
0.5358267949789967
0.8200000000000001
0.4817536741017156
0.84
0.4257792915650729
0.86
0.36812455268467814
0.88
0.3090169943749475
0.9
0.24868988716485482
0.92
0.18738131458572457
0.9400000000000001
0.12533323356430454
0.96
0.06279051952931358
0.98
1.2246467991473532e-16
1.0
-0.06279051952931335
1.02
-0.12533323356430429
1.04
-0.18738131458572477
1.06
-0.24868988716485502
1.08
-0.30901699437494773
1.1
-0.3681245526846783
1.12
-0.42577929156507266
1.1400000000000001
-0.481753674101715
1.16
-0.5358267949789964
1.18
-0.587785252292473
1.2
-0.6374239897486896
1.22
-0.6845471059286887
1.24
-0.7289686274214113
1.26
-0.7705132427757894
1.28
-0.8090169943749473
1.3
-0.8443279255020153
1.32
-0.8763066800438636
1.34
-0.9048270524660198
1.36
-0.9297764858882515
1.3800000000000001
-0.9510565162951535
1.4000000000000001
-0.968583161128631
1.42
-0.9822872507286887
1.44
-0.9921147013144778
1.46
-0.9980267284282716
1.48
-1.0
1.5
-0.9980267284282716
1.52
-0.9921147013144779
1.54
-0.9822872507286887
1.56
-0.9685831611286311
1.58
-0.9510565162951536
1.6
-0.9297764858882512
1.62
-0.9048270524660196
1.6400000000000001
-0.8763066800438634
1.6600000000000001
-0.8443279255020155
1.68
-0.8090169943749476
1.7
-0.7705132427757896
1.72
-0.7289686274214116
1.74
-0.684547105928689
1.76
-0.6374239897486896
1.78
-0.5877852522924734
1.8
-0.5358267949789963
1.82
-0.4817536741017153
1.84
-0.4257792915650722
1.86
-0.36812455268467786
1.8800000000000001
-0.3090169943749477
1.9000000000000001
-0.24868988716485535
1.92
-0.18738131458572468
1.94
-0.12533323356430465
1.96
-0.06279051952931326
1.98
